name: grocery
channels:
  - conda-forge
  - defaults
dependencies:
  - asttokens=3.0.0=pyhd8ed1ab_1
  - bzip2=1.0.8=h2bbff1b_6
  - ca-certificates=2025.8.3=h4c7d964_0
  - colorama=0.4.6=pyhd8ed1ab_1
  - comm=0.2.3=pyhe01879c_0
  - debugpy=1.8.11=py312h5da7b33_0
  - decorator=5.2.1=pyhd8ed1ab_0
  - exceptiongroup=1.3.0=pyhd8ed1ab_0
  - executing=2.2.1=pyhd8ed1ab_0
  - expat=2.7.1=h8ddb27b_0
  - importlib-metadata=8.7.0=pyhe01879c_1
  - ipykernel=6.30.1=pyh3521513_0
  - ipython=9.5.0=pyh6be1c34_0
  - ipython_pygments_lexers=1.1.1=pyhd8ed1ab_0
  - jedi=0.19.2=pyhd8ed1ab_1
  - jupyter_client=8.6.3=pyhd8ed1ab_1
  - jupyter_core=5.8.1=py312haa95532_0
  - krb5=1.21.3=hdf4eb48_0
  - libffi=3.4.4=hd77b12b_1
  - libsodium=1.0.20=hc70643c_0
  - matplotlib-inline=0.1.7=pyhd8ed1ab_1
  - nest-asyncio=1.6.0=pyhd8ed1ab_1
  - openssl=3.5.2=h725018a_0
  - packaging=25.0=pyh29332c3_1
  - parso=0.8.5=pyhcf101f3_0
  - pickleshare=0.7.5=pyhd8ed1ab_1004
  - pip=25.2=pyhc872135_0
  - platformdirs=4.4.0=pyhcf101f3_0
  - prompt-toolkit=3.0.52=pyha770c72_0
  - psutil=5.9.0=py312h827c3e9_1
  - pure_eval=0.2.3=pyhd8ed1ab_1
  - pygments=2.19.2=pyhd8ed1ab_0
  - python=3.12.11=h716150d_0
  - python-dateutil=2.9.0.post0=pyhe01879c_2
  - pywin32=311=py312h885b0b7_0
  - pyzmq=26.2.0=py312h5da7b33_0
  - setuptools=78.1.1=py312haa95532_0
  - six=1.17.0=pyhe01879c_1
  - sqlite=3.50.2=hda9a48d_1
  - stack_data=0.6.3=pyhd8ed1ab_1
  - tk=8.6.15=hf199647_0
  - tornado=6.5.1=py312h827c3e9_0
  - traitlets=5.14.3=pyhd8ed1ab_1
  - typing_extensions=4.15.0=pyhcf101f3_0
  - tzdata=2025b=h04d1e81_0
  - ucrt=10.0.22621.0=haa95532_0
  - vc=14.3=h2df5915_10
  - vc14_runtime=14.44.35208=h4927774_10
  - vs2015_runtime=14.44.35208=ha6b5a95_10
  - wcwidth=0.2.13=pyhd8ed1ab_1
  - wheel=0.45.1=py312haa95532_0
  - xz=5.6.4=h4754444_1
  - zeromq=4.3.5=ha9f60a1_7
  - zipp=3.23.0=pyhd8ed1ab_0
  - zlib=1.2.13=h8cc25b3_1
  - pip:
      - annotated-types==0.7.0
      - anyio==4.10.0
      - attrs==25.3.0
      - certifi==2025.8.3
      - cffi==1.17.1
      - charset-normalizer==3.4.3
      - click==8.2.1
      - deprecation==2.1.0
      - dotenv==0.9.9
      - fastapi==0.116.1
      - h11==0.16.0
      - h2==4.3.0
      - hpack==4.1.0
      - httpcore==1.0.9
      - httptools==0.6.4
      - httpx==0.28.1
      - hyperframe==6.1.0
      - idna==3.10
      - outcome==1.3.0.post0
      - postgrest==1.1.1
      - pycparser==2.22
      - pydantic==2.11.7
      - pydantic-core==2.33.2
      - pyjwt==2.10.1
      - pysocks==1.7.1
      - python-dotenv==1.1.1
      - pyyaml==6.0.2
      - realtime==2.7.0
      - requests==2.32.5
      - selenium==4.35.0
      - sniffio==1.3.1
      - sortedcontainers==2.4.0
      - starlette==0.47.3
      - storage3==0.12.1
      - strenum==0.4.15
      - supabase-auth==2.12.3
      - supabase-functions==0.10.1
      - trio==0.30.0
      - trio-websocket==0.12.2
      - typesense==1.1.1
      - typing-extensions==4.14.1
      - typing-inspection==0.4.1
      - urllib3==2.5.0
      - uvicorn==0.35.0
      - watchfiles==1.1.0
      - websocket-client==1.8.0
      - websockets==15.0.1
      - wsproto==1.2.0
prefix: C:\Users\USER\miniconda3\envs\grocery
